DaysSinceStart = 21
LvObfuscation = false
93200,1,1,adcd4a97-deb3-4ac1-92b6-6b105688cdad,-1
98000,1,1,9022cbc1-547a-4347-8904-0154888bfafc,-1
101200,1,1,none,-1
89400,1,1,efe54a7c-376e-4941-ad7f-1ea8ef323c69,-1
200,1,1,218abf4d-ea94-4891-8c31-4c18bf6a88a6,-1
201,1,1,df445654-c616-499f-a071-125218702c80,-1
203,1,1,ef3a7485-1b8b-4971-9fe9-81172fda8f8d,-1
204,1,1,main,0,05dbc3b4-13b8-45ae-9bad-a37b7f9ca0b4,-1
205,1,1,4ac4b1c7-2ee8-4074-8742-7886cc2fb2db,-1
91200,1,1,none,-1
107600,1,1,none,-1
95000,1,1,none,-1
97700,1,1,Day0,20,dbf59d53-27b4-4445-ad3d-d2d7e96edfa6,-1
269,1,1,none,-1
936,1,365,static,24,none,-1
626,1,1,main,18,9edf1775-c8b9-4335-b66e-bc6e1f3363ca,-1
93000,1,1,GEN-155881,-1
